 51 1911.187699 2.314E-28 1.290E+01.04200.041 4862.74110.67-.002823              1              0                    P 50      477665 5 8 2 2 1 7    99.0  101.0
 51 1916.569015 5.702E-28 1.301E+01.04200.041 4673.53810.67-.002823              1              0                    P 49      477665 5 8 2 2 1 7    97.0   99.0
 51 1921.922438 1.379E-27 1.311E+01.04200.041 4488.00120.67-.002823              1              0                    P 48      477665 5 8 2 2 1 7    95.0   97.0
 51 1927.247828 3.276E-27 1.322E+01.04200.041 4306.13750.67-.002823              1              0                    P 47      477665 5 8 2 2 1 7    93.0   95.0
 51 1932.545044 7.640E-27 1.332E+01.04200.041 4127.95390.67-.002823              1              0                    P 46      477665 5 8 2 2 1 7    91.0   93.0
 51 1937.813944 1.749E-26 1.343E+01.04200.041 3953.45740.67-.002823              1              0                    P 45      477665 5 8 2 2 1 7    89.0   91.0
 51 1943.054387 3.932E-26 1.353E+01.04200.041 3782.65460.67-.002823              1              0                    P 44      477665 5 8 2 2 1 7    87.0   89.0
 51 1943.710984 1.150E-28 2.705E+01.04200.041 5100.23820.67-.002823              2              1                    P 39      467665 5 8 2 2 1 7    77.0   79.0
 51 1948.266228 8.676E-26 1.364E+01.04200.041 3615.55210.67-.002823              1              0                    P 43      477665 5 8 2 2 1 7    85.0   87.0
 51 1948.742660 2.296E-28 2.726E+01.04200.041 4953.09540.67-.002823              2              1                    P 38      467665 5 8 2 2 1 7    75.0   77.0
 51 1953.449328 1.879E-25 1.374E+01.04200.041 3452.15630.67-.002823              1              0                    P 42      477665 5 8 2 2 1 7    83.0   85.0
 51 1953.744875 4.499E-28 2.747E+01.04200.041 4809.65410.67-.002823              2              1                    P 37      467665 5 8 2 2 1 7    73.0   75.0
 51 1958.603542 3.995E-25 1.385E+01.04200.041 3292.47340.67-.002823              1              0                    P 41      477665 5 8 2 2 1 7    81.0   83.0
 51 1958.717485 8.652E-28 2.768E+01.04200.041 4669.92000.67-.002823              2              1                    P 36      467665 5 8 2 2 1 7    71.0   73.0
 51 1963.660347 1.633E-27 2.789E+01.04200.041 4533.89830.67-.002823              2              1                    P 35      467665 5 8 2 2 1 7    69.0   71.0
 51 1963.728728 8.336E-25 1.395E+01.04200.041 3136.50950.67-.002823              1              0                    P 40      477665 5 8 2 2 1 7    79.0   81.0
 51 1968.573316 3.024E-27 2.810E+01.04200.041 4401.59430.67-.002823              2              1                    P 34      467665 5 8 2 2 1 7    67.0   69.0
 51 1968.824743 1.707E-24 1.406E+01.04200.041 2984.27070.67-.002823              1              0                    P 39      477665 5 8 2 2 1 7    77.0   79.0
 51 1973.456249 5.495E-27 2.831E+01.04250.041 4273.01330.67-.002823              2              1                    P 33      467665 5 8 2 2 1 7    65.0   67.0
 51 1973.891443 3.431E-24 1.417E+01.04200.041 2835.76270.67-.002823              1              0                    P 38      477665 5 8 2 2 1 7    75.0   77.0
 51 1978.309000 9.796E-27 2.852E+01.04300.042 4148.16010.67-.002823              2              1                    P 32      467665 5 8 2 2 1 7    63.0   65.0
 51 1978.928684 6.766E-24 1.428E+01.04200.041 2690.99130.67-.002823              1              0                    P 37      477665 5 8 2 2 1 7    73.0   75.0
 51 1983.131428 1.713E-26 2.873E+01.04360.043 4027.03950.67-.002823              2              1                    P 31      467665 5 8 2 2 1 7    61.0   63.0
 51 1983.936324 1.309E-23 1.438E+01.04200.041 2549.96200.67-.002823              1              0                    P 36      477665 5 8 2 2 1 7    71.0   73.0
 51 1987.923384 2.940E-26 2.895E+01.04410.043 3909.65620.67-.002823              2              1                    P 30      477665 5 8 2 2 1 7    59.0   61.0
 51 1988.914218 2.486E-23 1.449E+01.04200.041 2412.68010.67-.002823              1              0                    P 35      477665 5 8 2 2 1 7    69.0   71.0
 51 1992.684726 4.948E-26 2.916E+01.04460.045 3796.01490.67-.002823              2              1                    P 29      477665 5 8 2 2 1 7    57.0   59.0
 51 1993.862221 4.632E-23 1.460E+01.04200.041 2279.15110.67-.002823              1              0                    P 34      477665 5 8 2 2 1 7    67.0   69.0
 51 1997.415307 8.167E-26 2.938E+01.04510.046 3686.11980.67-.002823              2              1                    P 28      477665 5 8 2 2 1 7    55.0   57.0
 51 1998.780191 8.466E-23 1.471E+01.04250.041 2149.37990.67-.002823              1              0                    P 33      477665 5 8 2 2 1 7    65.0   67.0
 51 2002.114985 1.322E-25 2.960E+01.04570.047 3579.97510.67-.002823              2              1                    P 27      477665 5 8 2 2 1 7    53.0   55.0
 51 2003.667981 1.518E-22 1.482E+01.04300.042 2023.37150.67-.002823              1              0                    P 32      477665 5 8 2 2 1 7    63.0   65.0
 51 2006.783612 2.098E-25 2.982E+01.04640.048 3477.58510.67-.002823              2              1                    P 26      477665 5 8 2 2 1 7    51.0   53.0
 51 2008.421529 1.149E-28 4.499E+01.05100.055 5051.74320.67-.002867              3              2                    P 20      467665 5 8 2 2 1 7    39.0   41.0
 51 2008.525448 2.669E-22 1.493E+01.04360.043 1901.13080.67-.002823              1              0                    P 31      477665 5 8 2 2 1 7    61.0   63.0
 51 2011.421043 3.266E-25 3.005E+01.04690.050 3378.95370.67-.002823              2              1                    P 25      477665 5 8 2 2 1 7    49.0   51.0
 51 2012.833683 1.577E-28 4.534E+01.05190.056 4976.43800.67-.002825              3              2                    P 19      467665 5 8 2 2 1 7    37.0   39.0
 51 2013.352446 4.604E-22 1.505E+01.04410.043 1782.66240.67-.002823              1              0                    P 30      487665 5 8 2 2 1 7    59.0   61.0
 51 2016.027134 4.982E-25 3.027E+01.04750.051 3284.08460.67-.002823              2              1                    P 24      477665 5 8 2 2 1 7    47.0   49.0
 51 2017.213621 2.119E-28 4.570E+01.05270.057 4904.87990.68-.002855              3              2                    P 18      467665 5 8 2 2 1 7    35.0   37.0
 51 2018.148830 7.789E-22 1.516E+01.04460.045 1667.97090.67-.002823              1              0                    P 29      487665 5 8 2 2 1 7    57.0   59.0
 51 2020.601738 7.449E-25 3.050E+01.04830.052 3192.98150.67-.002823              2              1                    P 23      477665 5 8 2 2 1 7    45.0   47.0
 51 2021.561199 2.788E-28 4.606E+01.05350.058 4837.07170.69-.002790              3              2                    P 17      467665 5 8 2 2 1 7    33.0   35.0
 51 2022.914455 1.292E-21 1.527E+01.04510.046 1557.06070.67-.002823              1              0                    P 28      487665 5 8 2 2 1 7    55.0   57.0
 51 2025.144711 1.092E-24 3.073E+01.04910.053 3105.64790.67-.002385              2              1                    P 22      477665 5 8 2 2 1 7    43.0   45.0
 51 2025.876269 3.590E-28 4.644E+01.05420.059 4773.01610.70-.002863              3              2                    P 16      467665 5 8 2 2 1 7    31.0   33.0
 51 2027.649176 2.102E-21 1.539E+01.04570.047 1449.93590.67-.002823              1              0                    P 27      487665 5 8 2 2 1 7    53.0   55.0
 51 2029.655904 1.567E-24 3.097E+01.05000.054 3022.08730.67-.003217              2              1                    P 21      477665 5 8 2 2 1 7    41.0   43.0
 51 2030.158686 4.521E-28 4.683E+01.05490.060 4712.71560.71-.002800              3              2                    P 15      467665 5 8 2 2 1 7    29.0   31.0
 51 2032.352848 3.351E-21 1.550E+01.04640.048 1346.60080.67-.002823              1              0                    P 26      487665 5 8 2 2 1 7    51.0   53.0
 51 2034.135174 2.204E-24 3.121E+01.05100.055 2942.30280.67-.002867              2              1                    P 20      477665 5 8 2 2 1 7    39.0   41.0
 51 2034.408303 5.566E-28 4.724E+01.05550.061 4656.17240.72-.002778              3              2                    P 14      467665 5 8 2 2 1 7    27.0   29.0
 51 2037.025324 5.239E-21 1.562E+01.04690.050 1247.05920.67-.002823              1              0                    P 25      487665 5 8 2 2 1 7    49.0   51.0
 51 2038.582374 3.036E-24 3.145E+01.05190.056 2866.29750.67-.002825              2              1                    P 19      477665 5 8 2 2 1 7    37.0   39.0
 51 2038.624974 6.693E-28 4.766E+01.05610.061 4603.38890.73-.002718              3              2                    P 13      467665 5 8 2 2 1 7    25.0   27.0
 51 2041.666460 8.026E-21 1.573E+01.04750.051 1151.31500.67-.002823              1              0                    P 24      487665 5 8 2 2 1 7    47.0   49.0
 51 2042.808552 7.856E-28 4.811E+01.05670.062 4554.36700.74-.002750              3              2                    P 12      467665 5 8 2 2 1 7    23.0   25.0
 51 2042.997357 4.094E-24 3.170E+01.05270.057 2794.07430.68-.002855              2              1                    P 18      477665 5 8 2 2 1 7    35.0   37.0
 51 2046.276109 1.205E-20 1.585E+01.04830.052 1059.37180.67-.002823              1              0                    P 23      487665 5 8 2 2 1 7    45.0   47.0
 51 2046.958891 8.991E-28 4.859E+01.05730.063 4509.10880.75-.002700              3              2                    P 11      467665 5 8 2 2 1 7    21.0   23.0
 51 2047.379978 5.404E-24 3.195E+01.05350.058 2725.63610.69-.002790              2              1                    P 17      477665 5 8 2 2 1 7    33.0   35.0
 51 2050.854126 1.773E-20 1.597E+01.04910.053  971.23320.67-.002385              1              0                    P 22      487665 5 8 2 2 1 7    43.0   45.0
 51 2051.075844 1.002E-27 4.912E+01.05800.064 4467.61580.75-.002665              3              2                    P 10      467665 5 8 2 2 1 7    19.0   21.0
 51 2051.730090 6.978E-24 3.221E+01.05420.059 2660.98550.70-.002863              2              1                    P 16      477665 5 8 2 2 1 7    31.0   33.0
 51 2055.159265 1.085E-27 4.970E+01.05890.066 4429.88980.75-.002610              3              2                    P  9      467665 5 8 2 2 1 7    17.0   19.0
 51 2055.400364 2.555E-20 1.610E+01.05000.054  886.90240.67-.003217              1              0                    P 21      487665 5 8 2 2 1 7    41.0   43.0
 51 2056.047547 8.812E-24 3.248E+01.05490.060 2600.12490.71-.002800              2              1                    P 15      477665 5 8 2 2 1 7    29.0   31.0
 51 2059.209006 1.140E-27 5.036E+01.05990.067 4395.93220.75-.002540              3              2                    P  8      467665 5 8 2 2 1 7    15.0   17.0
 51 2059.914677 3.607E-20 1.622E+01.05100.055  806.38280.67-.002867              1              0                    P 20      487665 5 8 2 2 1 7    39.0   41.0
 51 2060.332203 1.088E-23 3.277E+01.05550.061 2543.05670.72-.002778              2              1                    P 14      477665 5 8 2 2 1 7    27.0   29.0
 51 2063.224922 1.158E-27 5.115E+01.06120.069 4365.74430.75-.002472              3              2                    P  7      467665 5 8 2 2 1 7    13.0   15.0
 51 2064.396920 4.985E-20 1.635E+01.05190.056  729.67740.67-.002825              1              0                    P 19      487665 5 8 2 2 1 7    37.0   39.0
 51 2064.583910 1.311E-23 3.306E+01.05610.061 2489.78310.73-.002718              2              1                    P 13      477665 5 8 2 2 1 7    25.0   27.0
 51 2067.206865 1.130E-27 5.211E+01.06290.070 4339.32740.74-.002358              3              2                    P  6      467665 5 8 2 2 1 7    11.0   13.0
 51 2068.802522 1.542E-23 3.337E+01.05670.062 2440.30620.74-.002750              2              1                    P 12      477665 5 8 2 2 1 7    23.0   25.0
 51 2068.846945 6.744E-20 1.648E+01.05270.057  656.78920.68-.002855              1              0                    P 18      487665 5 8 2 2 1 7    35.0   37.0
 51 2071.154689 1.054E-27 5.338E+01.06500.073 4316.68240.74-.002177              3              2                    P  5      467665 5 8 2 2 1 7     9.0   11.0
 51 2072.987893 1.769E-23 3.371E+01.05730.063 2394.62790.75-.002700              2              1                    P 11      477665 5 8 2 2 1 7    21.0   23.0
 51 2073.264607 8.929E-20 1.661E+01.05350.058  587.72090.69-.002790              1              0                    P 17      487665 5 8 2 2 1 7    33.0   35.0
 51 2075.068247 9.256E-28 5.522E+01.06760.075 4297.81020.74-.001888              3              2                    P  4      467665 5 8 2 2 1 7     7.0    9.0
 51 2077.139876 1.975E-23 3.408E+01.05800.064 2352.74990.75-.002665              2              1                    P 10      477665 5 8 2 2 1 7    19.0   21.0
 51 2077.649758 1.156E-19 1.674E+01.05420.059  522.47510.70-.002863              1              0                    P 16      487665 5 8 2 2 1 7    31.0   33.0
 51 2078.947391 7.485E-28 5.831E+01.07090.079 4282.71160.74-.001530              3              2                    P  3      467665 5 8 2 2 1 7     5.0    7.0
 51 2081.258324 2.143E-23 3.448E+01.05890.066 2314.67390.75-.002610              2              1                    P  9      477665 5 8 2 2 1 7    17.0   19.0
 51 2082.002253 1.464E-19 1.689E+01.05490.060  461.05440.71-.002800              1              0                    P 15      487665 5 8 2 2 1 7    29.0   31.0
 51 2082.791976 5.282E-28 6.515E+01.07480.082 4271.38710.75-.001335              3              2                    P  2      467665 5 8 2 2 1 7     3.0    5.0
 51 2085.343090 2.255E-23 3.494E+01.05990.067 2280.40120.75-.002540              2              1                    P  8      477665 5 8 2 2 1 7    15.0   17.0
 51 2086.321945 1.812E-19 1.703E+01.05550.061  403.46120.72-.002778              1              0                    P 14      487665 5 8 2 2 1 7    27.0   29.0
 51 2086.601854 2.745E-28 9.827E+01.07970.086 4263.83720.76-.001262              3              2                    P  1      467665 5 8 2 2 1 7     1.0    3.0
 51 2089.394028 2.292E-23 3.548E+01.06120.069 2249.93340.75-.002472              2              1                    P  7      477665 5 8 2 2 1 7    13.0   15.0
 51 2090.608687 2.189E-19 1.719E+01.05610.061  349.69750.73-.002718              1              0                    P 13      487665 5 8 2 2 1 7    25.0   27.0
 51 2093.410991 2.241E-23 3.615E+01.06290.070 2223.27140.74-.002358              2              1                    P  6      477665 5 8 2 2 1 7    11.0   13.0
 51 2094.116902 2.806E-28 3.312E+01.07970.086 4260.06220.76-.001793              3              2                    R  0      467665 5 8 2 2 1 7     3.0    1.0
 51 2094.862333 2.581E-19 1.735E+01.05670.062  299.76560.74-.002750              1              0                    P 12      487665 5 8 2 2 1 7    23.0   25.0
 51 2097.393832 2.091E-23 3.704E+01.06500.073 2200.41640.74-.002177              2              1                    P  5      477665 5 8 2 2 1 7     9.0   11.0
 51 2097.821778 5.521E-28 3.996E+01.07480.082 4263.83720.75-.001955              3              2                    R  1      467665 5 8 2 2 1 7     5.0    3.0
 51 2099.082735 2.967E-19 1.752E+01.05730.063  253.66720.75-.002700              1              0                    P 11      487665 5 8 2 2 1 7    21.0   23.0
 51 2101.342404 1.839E-23 3.831E+01.06760.075 2181.36920.74-.001888              2              1                    P  4      477665 5 8 2 2 1 7     7.0    9.0
 51 2101.491360 7.998E-28 4.304E+01.07090.079 4271.38710.74-.001990              3              2                    R  2      467665 5 8 2 2 1 7     7.0    5.0
 51 2103.269747 3.319E-19 1.771E+01.05800.064  211.40410.75-.002665              1              0                    P 10      487665 5 8 2 2 1 7    19.0   21.0
 51 2105.125500 1.011E-27 4.488E+01.06760.075 4282.71160.74-.001938              3              2                    R  3      467665 5 8 2 2 1 7     9.0    7.0
 51 2105.256560 1.488E-23 4.046E+01.07090.079 2166.13050.74-.001530              2              1                    P  3      477665 5 8 2 2 1 7     5.0    7.0
 51 2107.423222 3.607E-19 1.793E+01.05890.066  172.97800.75-.002610              1              0                    P  9      487665 5 8 2 2 1 7    17.0   19.0
 51 2108.724053 1.177E-27 4.614E+01.06500.073 4297.81020.74-.001847              3              2                    R  4      467665 5 8 2 2 1 7    11.0    9.0
 51 2109.136154 1.051E-23 4.521E+01.07480.082 2154.70100.75-.001335              2              1                    P  2      477665 5 8 2 2 1 7     3.0    5.0
 51 2111.543014 3.801E-19 1.817E+01.05990.067  138.39040.75-.002540              1              0                    P  8      487665 5 8 2 2 1 7    15.0   17.0
 51 2112.286871 1.291E-27 4.709E+01.06290.070 4316.68240.74-.001807              3              2                    R  5      467665 5 8 2 2 1 7    13.0   11.0
 51 2112.981038 5.463E-24 6.819E+01.07970.086 2147.08110.76-.001262              2              1                    P  1      477665 5 8 2 2 1 7     1.0    3.0
 51 2115.628975 3.870E-19 1.845E+01.06120.069  107.64240.75-.002472              1              0                    P  7      487665 5 8 2 2 1 7    13.0   15.0
 51 2115.813807 1.351E-27 4.786E+01.06120.069 4339.32740.75-.001783              3              2                    R  6      467665 5 8 2 2 1 7    15.0   13.0
 51 2119.304715 1.361E-27 4.851E+01.05990.067 4365.74430.75-.001760              3              2                    R  7      467665 5 8 2 2 1 7    17.0   15.0
 51 2119.680959 3.789E-19 1.880E+01.06290.070   80.73540.74-.002358              1              0                    P  6      487665 5 8 2 2 1 7    11.0   13.0
 51 2120.566089 5.586E-24 2.298E+01.07970.086 2143.27110.76-.001793              2              1                    R  0      477665 5 8 2 2 1 7     3.0    1.0
 51 2122.759447 1.324E-27 4.908E+01.05890.066 4395.93220.75-.001710              3              2                    R  8      467665 5 8 2 2 1 7    19.0   17.0
 51 2123.698818 3.539E-19 1.926E+01.06500.073   57.67040.74-.002177              1              0                    P  5      487665 5 8 2 2 1 7     9.0   11.0
 51 2124.305963 1.099E-23 2.773E+01.07480.082 2147.08110.75-.001955              2              1                    R  1      477665 5 8 2 2 1 7     5.0    3.0
 51 2126.177857 1.250E-27 4.959E+01.05800.064 4429.88980.75-.001685              3              2                    R  9      467665 5 8 2 2 1 7    21.0   19.0
 51 2127.682406 3.114E-19 1.992E+01.06760.075   38.44810.74-.001888              1              0                    P  4      487665 5 8 2 2 1 7     7.0    9.0
 51 2128.010540 1.591E-23 2.987E+01.07090.079 2154.70100.74-.001990              2              1                    R  2      477665 5 8 2 2 1 7     7.0    5.0
 51 2129.559799 1.147E-27 5.006E+01.05730.063 4467.61580.75-.001660              3              2                    R 10      467665 5 8 2 2 1 7    23.0   21.0
 51 2131.631576 2.522E-19 2.104E+01.07090.079   23.06950.74-.001530              1              0                    P  3      487665 5 8 2 2 1 7     5.0    7.0
 51 2131.679673 2.011E-23 3.114E+01.06760.075 2166.13050.74-.001938              2              1                    R  3      477665 5 8 2 2 1 7     9.0    7.0
 51 2132.905125 1.024E-27 5.049E+01.05670.062 4509.10880.74-.001650              3              2                    R 11      467665 5 8 2 2 1 7    25.0   23.0
 51 2135.313215 2.339E-23 3.202E+01.06500.073 2181.36920.74-.001847              2              1                    R  4      477665 5 8 2 2 1 7    11.0    9.0
 51 2135.546180 1.782E-19 2.351E+01.07480.082   11.53500.75-.001335              1              0                    P  2      487665 5 8 2 2 1 7     3.0    5.0
 51 2136.213688 8.921E-28 5.089E+01.05610.061 4554.36700.73-.001707              3              2                    R 12      467665 5 8 2 2 1 7    27.0   25.0
 51 2138.911020 2.563E-23 3.269E+01.06290.070 2200.41640.74-.001807              2              1                    R  5      477665 5 8 2 2 1 7    13.0   11.0
 51 2139.426073 9.268E-20 3.546E+01.07970.086    3.84500.76-.001262              1              0                    P  1      487665 5 8 2 2 1 7     1.0    3.0
 51 2139.485343 7.583E-28 5.127E+01.05550.061 4603.38890.72-.001768              3              2                    R 13      467665 5 8 2 2 1 7    29.0   27.0
 51 2142.472940 2.681E-23 3.322E+01.06120.069 2223.27140.75-.001783              2              1                    R  6      477665 5 8 2 2 1 7    15.0   13.0
 51 2142.719943 6.298E-28 5.164E+01.05490.060 4656.17240.71-.001820              3              2                    R 14      467665 5 8 2 2 1 7    31.0   29.0
 51 2145.917341 5.112E-28 5.199E+01.05420.059 4712.71560.70-.001872              3              2                    R 15      467665 5 8 2 2 1 7    33.0   31.0
 51 2145.998829 2.697E-23 3.368E+01.05990.067 2249.93340.75-.001760              2              1                    R  7      477665 5 8 2 2 1 7    17.0   15.0
 51 2147.081134 9.480E-20 1.195E+01.07970.086   -0.00000.76-.001793              1              0                    R  0      487665 5 8 2 2 1 7     3.0    1.0
 51 2149.077390 4.059E-28 5.233E+01.05350.058 4773.01610.69-.002070              3              2                    R 16      467665 5 8 2 2 1 7    35.0   33.0
 51 2149.488540 2.621E-23 3.407E+01.05890.066 2280.40120.75-.001710              2              1                    R  8      477665 5 8 2 2 1 7    19.0   17.0
 51 2150.856008 1.865E-19 1.442E+01.07480.082    3.84500.75-.001955              1              0                    R  1      487665 5 8 2 2 1 7     5.0    3.0
 51 2152.199945 3.153E-28 5.266E+01.05270.057 4837.07170.68-.002055              3              2                    R 17      467665 5 8 2 2 1 7    37.0   35.0
 51 2152.941927 2.470E-23 3.443E+01.05800.064 2314.67390.75-.001685              2              1                    R  9      477665 5 8 2 2 1 7    21.0   19.0
 51 2154.595583 2.700E-19 1.554E+01.07090.079   11.53500.74-.001990              1              0                    R  2      487665 5 8 2 2 1 7     7.0    5.0
 51 2155.284858 2.398E-28 5.297E+01.05190.056 4904.87990.67-.002225              3              2                    R 18      467665 5 8 2 2 1 7    39.0   37.0
 51 2156.358842 2.262E-23 3.475E+01.05730.063 2352.74990.75-.001660              2              1                    R 10      477665 5 8 2 2 1 7    23.0   21.0
 51 2158.299712 3.410E-19 1.620E+01.06760.075   23.06950.74-.001938              1              0                    R  3      487665 5 8 2 2 1 7     9.0    7.0
 51 2158.331984 1.786E-28 5.328E+01.05100.055 4976.43800.67-.002318              3              2                    R 19      467665 5 8 2 2 1 7    41.0   39.0
 51 2159.739140 2.017E-23 3.505E+01.05670.062 2394.62790.74-.001650              2              1                    R 11      477665 5 8 2 2 1 7    25.0   23.0
 51 2161.341176 1.303E-28 5.359E+01.05000.054 5051.74320.67-.002228              3              2                    R 20      467665 5 8 2 2 1 7    43.0   41.0
 51 2161.968247 3.963E-19 1.665E+01.06500.073   38.44810.74-.001847              1              0                    R  4      487665 5 8 2 2 1 7    11.0    9.0
 51 2163.082673 1.753E-23 3.533E+01.05610.061 2440.30620.73-.001707              2              1                    R 12      477665 5 8 2 2 1 7    27.0   25.0
 51 2165.601042 4.340E-19 1.700E+01.06290.070   57.67040.74-.001807              1              0                    R  5      487665 5 8 2 2 1 7    13.0   11.0
 51 2166.389295 1.487E-23 3.560E+01.05550.061 2489.78310.72-.001768              2              1                    R 13      477665 5 8 2 2 1 7    29.0   27.0
 51 2169.197950 4.535E-19 1.728E+01.06120.069   80.73540.75-.001783              1              0                    R  6      487665 5 8 2 2 1 7    15.0   13.0
 51 2169.658860 1.232E-23 3.586E+01.05490.060 2543.05670.71-.001820              2              1                    R 14      477665 5 8 2 2 1 7    31.0   29.0
 51 2172.758825 4.556E-19 1.752E+01.05990.067  107.64240.75-.001760              1              0                    R  7      487665 5 8 2 2 1 7    17.0   15.0
 51 2172.891222 9.978E-24 3.610E+01.05420.059 2600.12490.70-.001872              2              1                    R 15      477665 5 8 2 2 1 7    33.0   31.0
 51 2176.086233 7.901E-24 3.634E+01.05350.058 2660.98550.69-.002070              2              1                    R 16      477665 5 8 2 2 1 7    35.0   33.0
 51 2176.283519 4.423E-19 1.772E+01.05890.066  138.39040.75-.001710              1              0                    R  8      487665 5 8 2 2 1 7    19.0   17.0
 51 2179.243748 6.121E-24 3.657E+01.05270.057 2725.63610.68-.002055              2              1                    R 17      477665 5 8 2 2 1 7    37.0   35.0
 51 2179.771887 4.162E-19 1.791E+01.05800.064  172.97800.75-.001685              1              0                    R  9      487665 5 8 2 2 1 7    21.0   19.0
 51 2182.363620 4.641E-24 3.679E+01.05190.056 2794.07430.67-.002225              2              1                    R 18      477665 5 8 2 2 1 7    39.0   37.0
 51 2183.223781 3.805E-19 1.808E+01.05730.063  211.40410.75-.001660              1              0                    R 10      487665 5 8 2 2 1 7    23.0   21.0
 51 2185.445703 3.445E-24 3.701E+01.05100.055 2866.29750.67-.002318              2              1                    R 19      477665 5 8 2 2 1 7    41.0   39.0
 51 2186.639055 3.387E-19 1.824E+01.05670.062  253.66720.74-.001650              1              0                    R 11      487665 5 8 2 2 1 7    25.0   23.0
 51 2188.489851 2.504E-24 3.722E+01.05000.054 2942.30280.67-.002228              2              1                    R 20      477665 5 8 2 2 1 7    43.0   41.0
 51 2190.017563 2.938E-19 1.838E+01.05610.061  299.76560.73-.001707              1              0                    R 12      487665 5 8 2 2 1 7    27.0   25.0
 51 2191.495919 1.783E-24 3.743E+01.04910.053 3022.08730.67-.003005              2              1                    R 21      477665 5 8 2 2 1 7    45.0   43.0
 51 2193.359157 2.487E-19 1.852E+01.05550.061  349.69750.72-.001768              1              0                    R 13      487665 5 8 2 2 1 7    29.0   27.0
 51 2194.463759 1.244E-24 3.763E+01.04830.052 3105.64790.67-.002712              2              1                    R 22      477665 5 8 2 2 1 7    47.0   45.0
 51 2196.663693 2.056E-19 1.866E+01.05490.060  403.46120.71-.001820              1              0                    R 14      487665 5 8 2 2 1 7    31.0   29.0
 51 2197.393227 8.508E-25 3.783E+01.04750.051 3192.98150.67-.002712              2              1                    R 23      477665 5 8 2 2 1 7    49.0   47.0
 51 2199.931023 1.660E-19 1.879E+01.05420.059  461.05440.70-.001872              1              0                    R 15      487665 5 8 2 2 1 7    33.0   31.0
 51 2200.284176 5.701E-25 3.803E+01.04690.050 3284.08460.67-.002712              2              1                    R 24      477665 5 8 2 2 1 7    51.0   49.0
 51 2203.136460 3.745E-25 3.822E+01.04640.048 3378.95370.67-.002712              2              1                    R 25      477665 5 8 2 2 1 7    53.0   51.0
 51 2203.161001 1.311E-19 1.891E+01.05350.058  522.47510.69-.002070              1              0                    R 16      487665 5 8 2 2 1 7    35.0   33.0
 51 2205.949934 2.412E-25 3.841E+01.04570.047 3477.58510.67-.002712              2              1                    R 26      477665 5 8 2 2 1 7    55.0   53.0
 51 2206.353482 1.013E-19 1.903E+01.05270.057  587.72090.68-.002055              1              0                    R 17      487665 5 8 2 2 1 7    37.0   35.0
 51 2208.724452 1.523E-25 3.860E+01.04510.046 3579.97510.67-.002712              2              1                    R 27      477665 5 8 2 2 1 7    57.0   55.0
 51 2209.508319 7.657E-20 1.915E+01.05190.056  656.78920.67-.002225              1              0                    R 18      487665 5 8 2 2 1 7    39.0   37.0
 51 2211.459869 9.435E-26 3.879E+01.04460.045 3686.11980.67-.002712              2              1                    R 28      477665 5 8 2 2 1 7    59.0   57.0
 51 2212.625365 5.666E-20 1.926E+01.05100.055  729.67740.67-.002318              1              0                    R 19      487665 5 8 2 2 1 7    41.0   39.0
 51 2214.156039 5.731E-26 3.897E+01.04410.043 3796.01490.67-.002712              2              1                    R 29      477665 5 8 2 2 1 7    61.0   59.0
 51 2215.704476 4.105E-20 1.937E+01.05000.054  806.38280.67-.002228              1              0                    R 20      487665 5 8 2 2 1 7    43.0   41.0
 51 2216.812816 3.414E-26 3.915E+01.04360.043 3909.65620.67-.002712              2              1                    R 30      467665 5 8 2 2 1 7    63.0   61.0
 51 2218.745505 2.913E-20 1.948E+01.04910.053  886.90240.67-.003005              1              0                    R 21      487665 5 8 2 2 1 7    45.0   43.0
 51 2219.430056 1.995E-26 3.933E+01.04300.042 4027.03950.67-.002712              2              1                    R 31      467665 5 8 2 2 1 7    65.0   63.0
 51 2221.748306 2.025E-20 1.959E+01.04830.052  971.23320.67-.002712              1              0                    R 22      487665 5 8 2 2 1 7    47.0   45.0
 51 2222.007612 1.144E-26 3.950E+01.04250.041 4148.16010.67-.002712              2              1                    R 32      467665 5 8 2 2 1 7    67.0   65.0
 51 2224.545341 6.435E-27 3.968E+01.04200.041 4273.01330.67-.002712              2              1                    R 33      467665 5 8 2 2 1 7    69.0   67.0
 51 2224.712734 1.379E-20 1.970E+01.04750.051 1059.37180.67-.002712              1              0                    R 23      487665 5 8 2 2 1 7    49.0   47.0
 51 2227.043097 3.551E-27 3.985E+01.04200.041 4401.59430.67-.002712              2              1                    R 34      467665 5 8 2 2 1 7    71.0   69.0
 51 2227.638643 9.206E-21 1.980E+01.04690.050 1151.31500.67-.002712              1              0                    R 24      487665 5 8 2 2 1 7    51.0   49.0
 51 2229.500734 1.923E-27 4.002E+01.04200.041 4533.89830.67-.002712              2              1                    R 35      467665 5 8 2 2 1 7    73.0   71.0
 51 2230.525888 6.022E-21 1.990E+01.04640.048 1247.05920.67-.002712              1              0                    R 25      487665 5 8 2 2 1 7    53.0   51.0
 51 2231.918108 1.022E-27 4.018E+01.04200.041 4669.92000.67-.002712              2              1                    R 36      467665 5 8 2 2 1 7    75.0   73.0
 51 2233.374323 3.862E-21 2.000E+01.04570.047 1346.60080.67-.002712              1              0                    R 26      487665 5 8 2 2 1 7    55.0   53.0
 51 2234.295073 5.331E-28 4.035E+01.04200.041 4809.65410.67-.002712              2              1                    R 37      467665 5 8 2 2 1 7    77.0   75.0
 51 2236.183803 2.428E-21 2.010E+01.04510.046 1449.93590.67-.002712              1              0                    R 27      487665 5 8 2 2 1 7    57.0   55.0
 51 2236.631486 2.729E-28 4.051E+01.04200.041 4953.09540.67-.002712              2              1                    R 38      467665 5 8 2 2 1 7    79.0   77.0
 51 2238.927200 1.371E-28 4.067E+01.04200.041 5100.23820.67-.002712              2              1                    R 39      467665 5 8 2 2 1 7    81.0   79.0
 51 2238.954182 1.497E-21 2.020E+01.04460.045 1557.06070.67-.002712              1              0                    R 28      487665 5 8 2 2 1 7    59.0   57.0
 51 2241.685315 9.046E-22 2.030E+01.04410.043 1667.97090.67-.002712              1              0                    R 29      487665 5 8 2 2 1 7    61.0   59.0
 51 2244.377056 5.362E-22 2.039E+01.04360.043 1782.66240.67-.002712              1              0                    R 30      477665 5 8 2 2 1 7    63.0   61.0
 51 2247.029262 3.117E-22 2.048E+01.04300.042 1901.13080.67-.002712              1              0                    R 31      477665 5 8 2 2 1 7    65.0   63.0
 51 2249.641788 1.778E-22 2.058E+01.04250.041 2023.37150.67-.002712              1              0                    R 32      477665 5 8 2 2 1 7    67.0   65.0
 51 2252.214487 9.944E-23 2.067E+01.04200.041 2149.37990.67-.002712              1              0                    R 33      477665 5 8 2 2 1 7    69.0   67.0
 51 2254.747216 5.457E-23 2.076E+01.04200.041 2279.15110.67-.002712              1              0                    R 34      477665 5 8 2 2 1 7    71.0   69.0
 51 2257.239829 2.938E-23 2.085E+01.04200.041 2412.68010.67-.002712              1              0                    R 35      477665 5 8 2 2 1 7    73.0   71.0
 51 2259.692183 1.552E-23 2.094E+01.04200.041 2549.96200.67-.002712              1              0                    R 36      477665 5 8 2 2 1 7    75.0   73.0
 51 2262.104132 8.044E-24 2.102E+01.04200.041 2690.99130.67-.002712              1              0                    R 37      477665 5 8 2 2 1 7    77.0   75.0
 51 2264.475532 4.091E-24 2.111E+01.04200.041 2835.76270.67-.002712              1              0                    R 38      477665 5 8 2 2 1 7    79.0   77.0
 51 2266.806239 2.042E-24 2.120E+01.04200.041 2984.27070.67-.002712              1              0                    R 39      477665 5 8 2 2 1 7    81.0   79.0
 51 2269.096108 1.000E-24 2.128E+01.04200.041 3136.50950.67-.002712              1              0                    R 40      477665 5 8 2 2 1 7    83.0   81.0
 51 2271.344996 4.809E-25 2.136E+01.04200.041 3292.47340.67-.002712              1              0                    R 41      477665 5 8 2 2 1 7    85.0   83.0
 51 2273.552757 2.269E-25 2.145E+01.04200.041 3452.15630.67-.002712              1              0                    R 42      477665 5 8 2 2 1 7    87.0   85.0
 51 2275.719249 1.051E-25 2.153E+01.04200.041 3615.55210.67-.002712              1              0                    R 43      477665 5 8 2 2 1 7    89.0   87.0
 51 2277.844326 4.779E-26 2.161E+01.04200.041 3782.65460.67-.002712              1              0                    R 44      477665 5 8 2 2 1 7    91.0   89.0
 51 2279.927846 2.133E-26 2.169E+01.04200.041 3953.45740.67-.002712              1              0                    R 45      477665 5 8 2 2 1 7    93.0   91.0
 51 2281.969664 9.347E-27 2.176E+01.04200.041 4127.95390.67-.002712              1              0                    R 46      477665 5 8 2 2 1 7    95.0   93.0
 51 2283.969636 4.021E-27 2.184E+01.04200.041 4306.13750.67-.002712              1              0                    R 47      477665 5 8 2 2 1 7    97.0   95.0
 51 2285.927619 1.699E-27 2.192E+01.04200.041 4488.00120.67-.002712              1              0                    R 48      477665 5 8 2 2 1 7    99.0   97.0
 51 2287.843469 7.045E-28 2.199E+01.04200.041 4673.53810.67-.002712              1              0                    R 49      477665 5 8 2 2 1 7   101.0   99.0
 51 2289.717042 2.869E-28 2.207E+01.04200.041 4862.74110.67-.002712              1              0                    R 50      372225 5 8 2 2 1 7   103.0  101.0
 51 2291.548195 1.147E-28 2.214E+01.04200.041 5055.60290.67-.002712              1              0                    R 51      372225 5 8 2 2 1 7   105.0  103.0
